8 bit


[ 0.000003 ]
[ 0.000007 ]
[ 0.000019 ]
[ 0.000036 ]
[ 0.000059 ]
[ 0.000086 ]
[ 0.000144 ]
[ 0.000231 ]
[ 0.000319 ]
[ 0.000406 ]
[ 0.000519 ]
[ 0.000656 ]
[ 0.000794 ]
[ 0.000931 ]
[ 0.001219 ]
[ 0.001656 ]
[ 0.002094 ]
[ 0.002531 ]
[ 0.002969 ]
[ 0.003406 ]
[ 0.003844 ]
[ 0.004281 ]
[ 0.004844 ]
[ 0.005531 ]
[ 0.006219 ]
[ 0.006906 ]
[ 0.007594 ]
[ 0.008281 ]
[ 0.008969 ]
[ 0.009656 ]
[ 0.011094 ]
[ 0.013281 ]
[ 0.015469 ]
[ 0.017656 ]
[ 0.019844 ]
[ 0.022031 ]
[ 0.024219 ]
[ 0.026406 ]
[ 0.028594 ]
[ 0.030781 ]
[ 0.032969 ]
[ 0.035156 ]
[ 0.037344 ]
[ 0.039531 ]
[ 0.041719 ]
[ 0.043906 ]
[ 0.046719 ]
[ 0.050156 ]
[ 0.053594 ]
[ 0.057031 ]
[ 0.060469 ]
[ 0.063906 ]
[ 0.067344 ]
[ 0.070781 ]
[ 0.074219 ]
[ 0.077656 ]
[ 0.081094 ]
[ 0.084531 ]
[ 0.087969 ]
[ 0.091406 ]
[ 0.094844 ]
[ 0.098281 ]
[ 0.105469 ]
[ 0.116406 ]
[ 0.127344 ]
[ 0.138281 ]
[ 0.149219 ]
[ 0.160156 ]
[ 0.171094 ]
[ 0.182031 ]
[ 0.192969 ]
[ 0.203906 ]
[ 0.214844 ]
[ 0.225781 ]
[ 0.236719 ]
[ 0.247656 ]
[ 0.258594 ]
[ 0.269531 ]
[ 0.280469 ]
[ 0.291406 ]
[ 0.302344 ]
[ 0.313281 ]
[ 0.324219 ]
[ 0.335156 ]
[ 0.346094 ]
[ 0.357031 ]
[ 0.367969 ]
[ 0.378906 ]
[ 0.389844 ]
[ 0.400781 ]
[ 0.411719 ]
[ 0.422656 ]
[ 0.433594 ]
[ 0.444531 ]
[ 0.458594 ]
[ 0.475781 ]
[ 0.492969 ]
[ 0.510156 ]
[ 0.527344 ]
[ 0.544531 ]
[ 0.561719 ]
[ 0.578906 ]
[ 0.596094 ]
[ 0.613281 ]
[ 0.630469 ]
[ 0.647656 ]
[ 0.664844 ]
[ 0.682031 ]
[ 0.699219 ]
[ 0.716406 ]
[ 0.733594 ]
[ 0.750781 ]
[ 0.767969 ]
[ 0.785156 ]
[ 0.802344 ]
[ 0.819531 ]
[ 0.836719 ]
[ 0.853906 ]
[ 0.871094 ]
[ 0.888281 ]
[ 0.905469 ]
[ 0.922656 ]
[ 0.939844 ]
[ 0.957031 ]
[ 0.974219 ]
[ 0.991406 ]


8 bit static

0.0, 1.4375e-06, 1.875e-06, 2.3125e-06, 2.75e-06, 3.1875e-06, 3.625e-06, 4.0625e-06, 4.5e-06, 5.175e-06,
			5.85e-06, 6.525e-06, 7.2e-06, 7.875e-06, 8.55e-06, 9.225e-06, 1e-05, 1.4375e-05, 1.875e-05, 2.3125e-05, 2.75e-05, 3.1875e-05,
			3.625e-05, 4.0625e-05, 4.5e-05, 5.175e-05, 5.85e-05, 6.525e-05, 7.2e-05, 7.875e-05, 8.55e-05, 9.225e-05, 0.0001, 0.00014375,
			0.0001875, 0.000231254, 0.000275, 0.00031875, 0.0003625, 0.00040625, 0.00045, 0.0005175, 0.000585, 0.0006525, 0.00072, 0.0007875,
			0.000855, 0.0009225, 0.001, 0.0014375, 0.001875, 0.0023125, 0.00275, 0.0031875, 0.003625, 0.0040625, 0.0045,
			0.005175, 0.00585, 0.006525, 0.0072, 0.007875, 0.00855, 0.009225, 0.01, 0.0143759, 0.01875, 0.023125, 0.0275, 0.031875, 0.03625,
			0.040625, 0.045, 0.05175, 0.0585, 0.06525, 0.072, 0.07875, 0.0855, 0.09225, 0.1, 0.14375, 0.1875, 0.23125, 0.275, 0.31875, 0.3625,
			0.40625, 0.45, 0.5175, 0.585, 0.6525, 0.72, 0.7875, 0.855, 0.9225, 1.0, 1.4375, 1.875, 2.3125, 2.75, 3.1875, 3.625, 4.0625, 4.5, 5.175,
			5.85, 6.525, 7.2, 7.875, 8.55, 9.225, 10.0, 14.375, 18.75, 23.125, 27.5, 31.875, 36.25, 40.625, 45.0, 51.75, 58.5, 65.25, 72.0, 78.75,
			85.5, 92.25

8-bit mantissa

0.0, 0.0, 0.0, 0.0, 0.0, 0.0, 0.0, 0.0, 1e-06, 2e-06, 3e-06, 4e-06, 5e-06, 6e-06, 7e-06,
					   8e-06, 9e-06, 10e-06, 1e-05, 1.1e-05, 1.2e-05, 1.3e-05, 1.4e-05, 1.5e-05, 2e-05,
					   3e-05, 4e-05, 5e-05, 6e-05, 7e-05, 8e-05, 9e-05, 0.0001, 0.0001,
					   0.00011, 0.00012, 0.00013, 0.00014, 0.00015, 0.0002,
					   0.0003, 0.0004, 0.0005, 0.0006, 0.0007, 0.0008, 0.0009, 0.001, 0.001,
					   0.0011, 0.0012, 0.0013, 0.0014, 0.0015, 0.002, 0.003, 0.004, 0.005, 0.006, 0.007, 0.008,
					   0.009, 0.01, 0.01, 0.011, 0.012, 0.013, 0.014, 0.015, 0.02, 0.03, 0.04, 0.05, 0.06, 0.07,
					   0.08, 0.09, 0.1, 0.1, 0.11, 0.12, 0.13, 0.14, 0.15, 0.2, 0.3, 0.4, 0.5, 0.6,
					   0.7, 0.8, 0.9, 1.0, 1.0, 1.1, 1.20, 1.3, 1.4, 1.5, 2.0, 3.0, 4.0, 5.0, 6.0,
					   7.0, 8.0, 9.0, 10.0, 10.0, 11.0, 12.0, 13.0, 14.0, 15.0, 20.0, 30.0, 40.0, 50.0, 60.0, 70.0, 80.0, 90.0, 100.0, 110.0,
					   120.0, 130.0, 140.0, 150.0