data
[0.012197519710041604, 0.012723364809773841]
[0.012240334516045602, 0.012561880881312338]
[0.011956771037444658, 0.012489431404605322]
[0.01238074601231348, 0.01297526731552351]
[0.01202483225394878, 0.012381815055712132]
-----------------------------------------
model
[0.012313914253882004, 0.012844312236138748]
[0.012466536783179778, 0.013008149392405015]
[0.01217546572809545, 0.012705863659330926]
[0.012312896499116386, 0.013157393833916222]
[0.011884670271279289, 0.012086848230360077]
[0.012544542297829706, 0.013088369995246809] -- 100 interval 8-bit