standard normal / 10 abs error

0.031407069820512	
0.018770014636972	
0.011943518761571	
0.0083815085095907	
0.0063409519396821	
0.0052418434558555	
0.0044782852939198	
0.0040299860963502	
0.0036723266513956	
0.0034172609103341	
0.003169508555266	
0.0029153807008697	


standard normal / 10 rel
1.0077184567563	
1.1338722471274	
1.0336285610868	
1.0839224081233	
1.8872601436391	
1.1274635718174	
1.1834015572022	
1.7246782025133	
1.150949590935	
1.1288591913867	
1.1253356552657	
1.0733033236513	
1.1067026806109	
1.063977622113	
1.0700861991517	
1.0770145757276	
1.0901635843449	
1.0838972182632	
1.0538103549327	
1.0862790182091	
1.0483580844861	
1.044944636148	
1.0424680596532	
1.0624538191246	
1.0403783663148	
1.0381682034795	
1.0468741181125	
1.0362671128443	
1.028393166344	
1.035755946978	
1.0332577008824	
1.0343671788024	
1.0329761226483	
1.0311641418107	
1.0355975988217	
1.0404314238292	
1.0530323198129	
1.0361342855616	
1.0336343699595	
1.0377624735901	
1.028677582272	
1.0373102644724	
1.0460637259759	
1.0268428487705	
1.026961269702	
1.0479488701047	
1.0268314629605	
1.0280895839911	
1.0215431564256	
1.0340481327525	
1.0215371410018	
1.0228295898388	
1.0331596582699	
1.019267336111	
1.0383928938604	
1.0255829980571	
1.0251875986423	
1.0292335885628	
1.0169153374807	
1.0201292387468	
1.0248081275934	
1.0386017209228	
1.0226880496753	
1.0157041536134	
1.0279440560227	
1.1218755333537	
1.1597056543312	
1.019730078916	
1.0218715815202	
1.0131822254962	
