32 3.81469726562e-06
64 1.52587890625e-05
96 3.43322753906e-05
128 6.103515625e-05
160 9.53674316406e-05
192 0.000137329101562
224 0.000186920166016
256 0.000244140625
288 0.000308990478516
320 0.000381469726562
352 0.000461578369141
384 0.00054931640625
416 0.000644683837891
448 0.000747680664062
480 0.000858306884766
512 0.0009765625
544 0.00110244750977
576 0.00123596191406
608 0.00137710571289
640 0.00152587890625
672 0.00168228149414
704 0.00184631347656
736 0.00201797485352
768 0.002197265625
800 0.00238418579102
832 0.00257873535156
864 0.00278091430664
896 0.00299072265625
928 0.00320816040039
960 0.00343322753906
992 0.00366592407227
1024 0.00390625
1056 0.00415420532227
1088 0.00440979003906
1120 0.00467300415039
1152 0.00494384765625
1184 0.00522232055664
1216 0.00550842285156
1248 0.00580215454102
1280 0.006103515625
1312 0.00641250610352
1344 0.00672912597656
1376 0.00705337524414
1408 0.00738525390625
1440 0.00772476196289
1472 0.00807189941406
1504 0.00842666625977
1536 0.0087890625
1568 0.00915908813477
1600 0.00953674316406
1632 0.00992202758789
1664 0.0103149414062
1696 0.0107154846191
1728 0.0111236572266
1760 0.0115394592285
1792 0.011962890625
1824 0.012393951416
1856 0.0128326416016
1888 0.0132789611816
1920 0.0137329101562
1952 0.0141944885254
1984 0.0146636962891
2016 0.0151405334473
2048 0.015625
2080 0.0161170959473
2112 0.0166168212891
2144 0.0171241760254
2176 0.0176391601562
2208 0.0181617736816
2240 0.0186920166016
2272 0.019229888916
2304 0.019775390625
2336 0.0203285217285
2368 0.0208892822266
2400 0.0214576721191
2432 0.0220336914062
2464 0.0226173400879
2496 0.0232086181641
2528 0.0238075256348
2560 0.0244140625
2592 0.0250282287598
2624 0.0256500244141
2656 0.0262794494629
2688 0.0269165039062
2720 0.0275611877441
2752 0.0282135009766
2784 0.0288734436035
2816 0.029541015625
2848 0.030216217041
2880 0.0308990478516
2912 0.0315895080566
2944 0.0322875976562
2976 0.0329933166504
3008 0.0337066650391
3040 0.0344276428223
3072 0.03515625
3104 0.0358924865723
3136 0.0366363525391
3168 0.0373878479004
3200 0.0381469726562
3232 0.0389137268066
3264 0.0396881103516
3296 0.040470123291
3328 0.041259765625
3360 0.0420570373535
3392 0.0428619384766
3424 0.0436744689941
3456 0.0444946289062
3488 0.0453224182129
3520 0.0461578369141
3552 0.0470008850098
3584 0.0478515625
3616 0.0487098693848
3648 0.0495758056641
3680 0.0504493713379
3712 0.0513305664062
3744 0.0522193908691
3776 0.0531158447266
3808 0.0540199279785
3840 0.054931640625
3872 0.055850982666
3904 0.0567779541016
3936 0.0577125549316
3968 0.0586547851562
4000 0.0596046447754
4032 0.0605621337891
4064 0.0615272521973
4096 0.0625
4128 0.0634803771973
4160 0.0644683837891
4192 0.0654640197754
4224 0.0664672851562
4256 0.0674781799316
4288 0.0684967041016
4320 0.069522857666
4352 0.070556640625
4384 0.0715980529785
4416 0.0726470947266
4448 0.0737037658691
4480 0.0747680664062
4512 0.0758399963379
4544 0.0769195556641
4576 0.0780067443848
4608 0.0791015625
4640 0.0802040100098
4672 0.0813140869141
4704 0.0824317932129
4736 0.0835571289062
4768 0.0846900939941
4800 0.0858306884766
4832 0.0869789123535
4864 0.088134765625
4896 0.089298248291
4928 0.0904693603516
4960 0.0916481018066
4992 0.0928344726562
5024 0.0940284729004
5056 0.0952301025391
5088 0.0964393615723
5120 0.09765625
5152 0.0988807678223
5184 0.100112915039
5216 0.10135269165
5248 0.102600097656
5280 0.103855133057
5312 0.105117797852
5344 0.106388092041
5376 0.107666015625
5408 0.108951568604
5440 0.110244750977
5472 0.111545562744
5504 0.112854003906
5536 0.114170074463
5568 0.115493774414
5600 0.11682510376
5632 0.1181640625
5664 0.119510650635
5696 0.120864868164
5728 0.122226715088
5760 0.123596191406
5792 0.124973297119
5824 0.126358032227
5856 0.127750396729
5888 0.129150390625
5920 0.130558013916
5952 0.131973266602
5984 0.133396148682
6016 0.134826660156
6048 0.136264801025
6080 0.137710571289
6112 0.139163970947
6144 0.140625
6176 0.142093658447
6208 0.143569946289
6240 0.145053863525
6272 0.146545410156
6304 0.148044586182
6336 0.149551391602
6368 0.151065826416
6400 0.152587890625
6432 0.154117584229
6464 0.155654907227
6496 0.157199859619
6528 0.158752441406
6560 0.160312652588
6592 0.161880493164
6624 0.163455963135
6656 0.1650390625
6688 0.16662979126
6720 0.168228149414
6752 0.169834136963
6784 0.171447753906
6816 0.173069000244
6848 0.174697875977
6880 0.176334381104
6912 0.177978515625
6944 0.179630279541
6976 0.181289672852
7008 0.182956695557
7040 0.184631347656
7072 0.18631362915
7104 0.188003540039
7136 0.189701080322
7168 0.19140625
7200 0.193119049072
7232 0.194839477539
7264 0.1965675354
7296 0.198303222656
7328 0.200046539307
7360 0.201797485352
7392 0.203556060791
7424 0.205322265625
7456 0.207096099854
7488 0.208877563477
7520 0.210666656494
7552 0.212463378906
7584 0.214267730713
7616 0.216079711914
7648 0.21789932251
7680 0.2197265625
7712 0.221561431885
7744 0.223403930664
7776 0.225254058838
7808 0.227111816406
7840 0.228977203369
7872 0.230850219727
7904 0.232730865479
7936 0.234619140625
7968 0.236515045166
8000 0.238418579102
8032 0.240329742432
8064 0.242248535156
8096 0.244174957275
8128 0.246109008789
8160 0.248050689697
8192 0.25
8224 0.251956939697
8256 0.253921508789
8288 0.255893707275
8320 0.257873535156
8352 0.259860992432
8384 0.261856079102
8416 0.263858795166
8448 0.265869140625
8480 0.267887115479
8512 0.269912719727
8544 0.271945953369
8576 0.273986816406
8608 0.276035308838
8640 0.278091430664
8672 0.280155181885
8704 0.2822265625
8736 0.28430557251
8768 0.286392211914
8800 0.288486480713
8832 0.290588378906
8864 0.292697906494
8896 0.294815063477
8928 0.296939849854
8960 0.299072265625
8992 0.301212310791
9024 0.303359985352
9056 0.305515289307
9088 0.307678222656
9120 0.3098487854
9152 0.312026977539
9184 0.314212799072
9216 0.31640625
9248 0.318607330322
9280 0.320816040039
9312 0.32303237915
9344 0.325256347656
9376 0.327487945557
9408 0.329727172852
9440 0.331974029541
9472 0.334228515625
9504 0.336490631104
9536 0.338760375977
9568 0.341037750244
9600 0.343322753906
9632 0.345615386963
9664 0.347915649414
9696 0.35022354126
9728 0.3525390625
9760 0.354862213135
9792 0.357192993164
9824 0.359531402588
9856 0.361877441406
9888 0.364231109619
9920 0.366592407227
9952 0.368961334229
9984 0.371337890625
10016 0.373722076416
10048 0.376113891602
10080 0.378513336182
10112 0.380920410156
10144 0.383335113525
10176 0.385757446289
10208 0.388187408447
10240 0.390625
10272 0.393070220947
10304 0.395523071289
10336 0.397983551025
10368 0.400451660156
10400 0.402927398682
10432 0.405410766602
10464 0.407901763916
10496 0.410400390625
10528 0.412906646729
10560 0.415420532227
10592 0.417942047119
10624 0.420471191406
10656 0.423007965088
10688 0.425552368164
10720 0.428104400635
10752 0.4306640625
10784 0.43323135376
10816 0.435806274414
10848 0.438388824463
10880 0.440979003906
10912 0.443576812744
10944 0.446182250977
10976 0.448795318604
11008 0.451416015625
11040 0.454044342041
11072 0.456680297852
11104 0.459323883057
11136 0.461975097656
11168 0.46463394165
11200 0.467300415039
11232 0.469974517822
11264 0.47265625
11296 0.475345611572
11328 0.478042602539
11360 0.4807472229
11392 0.483459472656
11424 0.486179351807
11456 0.488906860352
11488 0.491641998291
11520 0.494384765625
11552 0.497135162354
11584 0.499893188477
11616 0.502658843994
11648 0.505432128906
11680 0.508213043213
11712 0.511001586914
11744 0.51379776001
11776 0.5166015625
11808 0.519412994385
11840 0.522232055664
11872 0.525058746338
11904 0.527893066406
11936 0.530735015869
11968 0.533584594727
12000 0.536441802979
12032 0.539306640625
12064 0.542179107666
12096 0.545059204102
12128 0.547946929932
12160 0.550842285156
12192 0.553745269775
12224 0.556655883789
12256 0.559574127197
12288 0.5625
12320 0.565433502197
12352 0.568374633789
12384 0.571323394775
12416 0.574279785156
12448 0.577243804932
12480 0.580215454102
12512 0.583194732666
12544 0.586181640625
12576 0.589176177979
12608 0.592178344727
12640 0.595188140869
12672 0.598205566406
12704 0.601230621338
12736 0.604263305664
12768 0.607303619385
12800 0.6103515625
12832 0.61340713501
12864 0.616470336914
12896 0.619541168213
12928 0.622619628906
12960 0.625705718994
12992 0.628799438477
13024 0.631900787354
13056 0.635009765625
13088 0.638126373291
13120 0.641250610352
13152 0.644382476807
13184 0.647521972656
13216 0.6506690979
13248 0.653823852539
13280 0.656986236572
13312 0.66015625
13344 0.663333892822
13376 0.666519165039
13408 0.66971206665
13440 0.672912597656
13472 0.676120758057
13504 0.679336547852
13536 0.682559967041
13568 0.685791015625
13600 0.689029693604
13632 0.692276000977
13664 0.695529937744
13696 0.698791503906
13728 0.702060699463
13760 0.705337524414
13792 0.70862197876
13824 0.7119140625
13856 0.715213775635
13888 0.718521118164
13920 0.721836090088
13952 0.725158691406
13984 0.728488922119
14016 0.731826782227
14048 0.735172271729
14080 0.738525390625
14112 0.741886138916
14144 0.745254516602
14176 0.748630523682
14208 0.752014160156
14240 0.755405426025
14272 0.758804321289
14304 0.762210845947
14336 0.765625
14368 0.769046783447
14400 0.772476196289
14432 0.775913238525
14464 0.779357910156
14496 0.782810211182
14528 0.786270141602
14560 0.789737701416
14592 0.793212890625
14624 0.796695709229
14656 0.800186157227
14688 0.803684234619
14720 0.807189941406
14752 0.810703277588
14784 0.814224243164
14816 0.817752838135
14848 0.8212890625
14880 0.82483291626
14912 0.828384399414
14944 0.831943511963
14976 0.835510253906
15008 0.839084625244
15040 0.842666625977
15072 0.846256256104
15104 0.849853515625
15136 0.853458404541
15168 0.857070922852
15200 0.860691070557
15232 0.864318847656
15264 0.86795425415
15296 0.871597290039
15328 0.875247955322
15360 0.87890625
15392 0.882572174072
15424 0.886245727539
15456 0.8899269104
15488 0.893615722656
15520 0.897312164307
15552 0.901016235352
15584 0.904727935791
15616 0.908447265625
15648 0.912174224854
15680 0.915908813477
15712 0.919651031494
15744 0.923400878906
15776 0.927158355713
15808 0.930923461914
15840 0.93469619751
15872 0.9384765625
15904 0.942264556885
15936 0.946060180664
15968 0.949863433838
16000 0.953674316406
16032 0.957492828369
16064 0.961318969727
16096 0.965152740479
16128 0.968994140625
16160 0.972843170166
16192 0.976699829102
16224 0.980564117432
16256 0.984436035156
16288 0.988315582275
16320 0.992202758789
16352 0.996097564697
16384 1.0
16416 1.0039100647
16448 1.00782775879
16480 1.01175308228
16512 1.01568603516
16544 1.01962661743
16576 1.0235748291
16608 1.02753067017
16640 1.03149414062
16672 1.03546524048
16704 1.03944396973
16736 1.04343032837
16768 1.04742431641
16800 1.05142593384
16832 1.05543518066
16864 1.05945205688
16896 1.0634765625
16928 1.06750869751
16960 1.07154846191
16992 1.07559585571
17024 1.07965087891
17056 1.08371353149
17088 1.08778381348
17120 1.09186172485
17152 1.09594726562
17184 1.10004043579
17216 1.10414123535
17248 1.10824966431
17280 1.11236572266
17312 1.1164894104
17344 1.12062072754
17376 1.12475967407
17408 1.12890625
17440 1.13306045532
17472 1.13722229004
17504 1.14139175415
17536 1.14556884766
17568 1.14975357056
17600 1.15394592285
17632 1.15814590454
17664 1.16235351562
17696 1.1665687561
17728 1.17079162598
17760 1.17502212524
17792 1.17926025391
17824 1.18350601196
17856 1.18775939941
17888 1.19202041626
17920 1.1962890625
17952 1.20056533813
17984 1.20484924316
18016 1.20914077759
18048 1.21343994141
18080 1.21774673462
18112 1.22206115723
18144 1.22638320923
18176 1.23071289062
18208 1.23505020142
18240 1.2393951416
18272 1.24374771118
18304 1.24810791016
18336 1.25247573853
18368 1.25685119629
18400 1.26123428345
18432 1.265625
18464 1.27002334595
18496 1.27442932129
18528 1.27884292603
18560 1.28326416016
18592 1.28769302368
18624 1.2921295166
18656 1.29657363892
18688 1.30102539062
18720 1.30548477173
18752 1.30995178223
18784 1.31442642212
18816 1.31890869141
18848 1.32339859009
18880 1.32789611816
18912 1.33240127563
18944 1.3369140625
18976 1.34143447876
19008 1.34596252441
19040 1.35049819946
19072 1.35504150391
19104 1.35959243774
19136 1.36415100098
19168 1.3687171936
19200 1.37329101562
19232 1.37787246704
19264 1.38246154785
19296 1.38705825806
19328 1.39166259766
19360 1.39627456665
19392 1.40089416504
19424 1.40552139282
19456 1.41015625
19488 1.41479873657
19520 1.41944885254
19552 1.4241065979
19584 1.42877197266
19616 1.43344497681
19648 1.43812561035
19680 1.44281387329
19712 1.44750976562
19744 1.45221328735
19776 1.45692443848
19808 1.46164321899
19840 1.46636962891
19872 1.47110366821
19904 1.47584533691
19936 1.48059463501
19968 1.4853515625
20000 1.49011611938
20032 1.49488830566
20064 1.49966812134
20096 1.50445556641
20128 1.50925064087
20160 1.51405334473
20192 1.51886367798
20224 1.52368164062
20256 1.52850723267
20288 1.5333404541
20320 1.53818130493
20352 1.54302978516
20384 1.54788589478
20416 1.55274963379
20448 1.5576210022
20480 1.5625
20512 1.5673866272
20544 1.57228088379
20576 1.57718276978
20608 1.58209228516
20640 1.58700942993
20672 1.5919342041
20704 1.59686660767
20736 1.60180664062
20768 1.60675430298
20800 1.61170959473
20832 1.61667251587
20864 1.62164306641
20896 1.62662124634
20928 1.63160705566
20960 1.63660049438
20992 1.6416015625
21024 1.64661026001
21056 1.65162658691
21088 1.65665054321
21120 1.66168212891
21152 1.66672134399
21184 1.67176818848
21216 1.67682266235
21248 1.68188476562
21280 1.68695449829
21312 1.69203186035
21344 1.69711685181
21376 1.70220947266
21408 1.7073097229
21440 1.71241760254
21472 1.71753311157
21504 1.72265625
21536 1.72778701782
21568 1.73292541504
21600 1.73807144165
21632 1.74322509766
21664 1.74838638306
21696 1.75355529785
21728 1.75873184204
21760 1.76391601562
21792 1.7691078186
21824 1.77430725098
21856 1.77951431274
21888 1.78472900391
21920 1.78995132446
21952 1.79518127441
21984 1.80041885376
22016 1.8056640625
22048 1.81091690063
22080 1.81617736816
22112 1.82144546509
22144 1.82672119141
22176 1.83200454712
22208 1.83729553223
22240 1.84259414673
22272 1.84790039062
22304 1.85321426392
22336 1.8585357666
22368 1.86386489868
22400 1.86920166016
22432 1.87454605103
22464 1.87989807129
22496 1.88525772095
22528 1.890625
22560 1.89599990845
22592 1.90138244629
22624 1.90677261353
22656 1.91217041016
22688 1.91757583618
22720 1.9229888916
22752 1.92840957642
22784 1.93383789062
22816 1.93927383423
22848 1.94471740723
22880 1.95016860962
22912 1.95562744141
22944 1.96109390259
22976 1.96656799316
23008 1.97204971313
23040 1.9775390625
23072 1.98303604126
23104 1.98854064941
23136 1.99405288696
23168 1.99957275391
23200 2.00510025024
23232 2.01063537598
23264 2.0161781311
23296 2.02172851562
23328 2.02728652954
23360 2.03285217285
23392 2.03842544556
23424 2.04400634766
23456 2.04959487915
23488 2.05519104004
23520 2.06079483032
23552 2.06640625
23584 2.07202529907
23616 2.07765197754
23648 2.0832862854
23680 2.08892822266
23712 2.09457778931
23744 2.10023498535
23776 2.10589981079
23808 2.11157226562
23840 2.11725234985
23872 2.12294006348
23904 2.12863540649
23936 2.13433837891
23968 2.14004898071
24000 2.14576721191
24032 2.15149307251
24064 2.1572265625
24096 2.16296768188
24128 2.16871643066
24160 2.17447280884
24192 2.18023681641
24224 2.18600845337
24256 2.19178771973
24288 2.19757461548
24320 2.20336914062
24352 2.20917129517
24384 2.2149810791
24416 2.22079849243
24448 2.22662353516
24480 2.23245620728
24512 2.23829650879
24544 2.2441444397
24576 2.25
24608 2.2558631897
24640 2.26173400879
24672 2.26761245728
24704 2.27349853516
24736 2.27939224243
24768 2.2852935791
24800 2.29120254517
24832 2.29711914062
24864 2.30304336548
24896 2.30897521973
24928 2.31491470337
24960 2.32086181641
24992 2.32681655884
25024 2.33277893066
25056 2.33874893188
25088 2.3447265625
25120 2.35071182251
25152 2.35670471191
25184 2.36270523071
25216 2.36871337891
25248 2.37472915649
25280 2.38075256348
25312 2.38678359985
25344 2.39282226562
25376 2.39886856079
25408 2.40492248535
25440 2.41098403931
25472 2.41705322266
25504 2.4231300354
25536 2.42921447754
25568 2.43530654907
25600 2.44140625
25632 2.44751358032
25664 2.45362854004
25696 2.45975112915
25728 2.46588134766
25760 2.47201919556
25792 2.47816467285
25824 2.48431777954
25856 2.49047851562
25888 2.4966468811
25920 2.50282287598
25952 2.50900650024
25984 2.51519775391
26016 2.52139663696
26048 2.52760314941
26080 2.53381729126
26112 2.5400390625
26144 2.54626846313
26176 2.55250549316
26208 2.55875015259
26240 2.56500244141
26272 2.57126235962
26304 2.57752990723
26336 2.58380508423
26368 2.59008789062
26400 2.59637832642
26432 2.6026763916
26464 2.60898208618
26496 2.61529541016
26528 2.62161636353
26560 2.62794494629
26592 2.63428115845
26624 2.640625
26656 2.64697647095
26688 2.65333557129
26720 2.65970230103
26752 2.66607666016
26784 2.67245864868
26816 2.6788482666
26848 2.68524551392
26880 2.69165039062
26912 2.69806289673
26944 2.70448303223
26976 2.71091079712
27008 2.71734619141
27040 2.72378921509
27072 2.73023986816
27104 2.73669815063
27136 2.7431640625
27168 2.74963760376
27200 2.75611877441
27232 2.76260757446
27264 2.76910400391
27296 2.77560806274
27328 2.78211975098
27360 2.7886390686
27392 2.79516601562
27424 2.80170059204
27456 2.80824279785
27488 2.81479263306
27520 2.82135009766
27552 2.82791519165
27584 2.83448791504
27616 2.84106826782
27648 2.84765625
27680 2.85425186157
27712 2.86085510254
27744 2.8674659729
27776 2.87408447266
27808 2.88071060181
27840 2.88734436035
27872 2.89398574829
27904 2.90063476562
27936 2.90729141235
27968 2.91395568848
28000 2.92062759399
28032 2.92730712891
28064 2.93399429321
28096 2.94068908691
28128 2.94739151001
28160 2.9541015625
28192 2.96081924438
28224 2.96754455566
28256 2.97427749634
28288 2.98101806641
28320 2.98776626587
28352 2.99452209473
28384 3.00128555298
28416 3.00805664062
28448 3.01483535767
28480 3.0216217041
28512 3.02841567993
28544 3.03521728516
28576 3.04202651978
28608 3.04884338379
28640 3.0556678772
28672 3.0625
28704 3.0693397522
28736 3.07618713379
28768 3.08304214478
28800 3.08990478516
28832 3.09677505493
28864 3.1036529541
28896 3.11053848267
28928 3.11743164062
28960 3.12433242798
28992 3.13124084473
29024 3.13815689087
29056 3.14508056641
29088 3.15201187134
29120 3.15895080566
29152 3.16589736938
29184 3.1728515625
29216 3.17981338501
29248 3.18678283691
29280 3.19375991821
29312 3.20074462891
29344 3.20773696899
29376 3.21473693848
29408 3.22174453735
29440 3.22875976562
29472 3.23578262329
29504 3.24281311035
29536 3.24985122681
29568 3.25689697266
29600 3.2639503479
29632 3.27101135254
29664 3.27807998657
29696 3.28515625
29728 3.29224014282
29760 3.29933166504
29792 3.30643081665
29824 3.31353759766
29856 3.32065200806
29888 3.32777404785
29920 3.33490371704
29952 3.34204101562
29984 3.3491859436
30016 3.35633850098
30048 3.36349868774
30080 3.37066650391
30112 3.37784194946
30144 3.38502502441
30176 3.39221572876
30208 3.3994140625
30240 3.40662002563
30272 3.41383361816
30304 3.42105484009
30336 3.42828369141
30368 3.43552017212
30400 3.44276428223
30432 3.45001602173
30464 3.45727539062
30496 3.46454238892
30528 3.4718170166
30560 3.47909927368
30592 3.48638916016
30624 3.49368667603
30656 3.50099182129
30688 3.50830459595
30720 3.515625
30752 3.52295303345
30784 3.53028869629
30816 3.53763198853
30848 3.54498291016
30880 3.55234146118
30912 3.5597076416
30944 3.56708145142
30976 3.57446289062
31008 3.58185195923
31040 3.58924865723
31072 3.59665298462
31104 3.60406494141
31136 3.61148452759
31168 3.61891174316
31200 3.62634658813
31232 3.6337890625
31264 3.64123916626
31296 3.64869689941
31328 3.65616226196
31360 3.66363525391
31392 3.67111587524
31424 3.67860412598
31456 3.6861000061
31488 3.69360351562
31520 3.70111465454
31552 3.70863342285
31584 3.71615982056
31616 3.72369384766
31648 3.73123550415
31680 3.73878479004
31712 3.74634170532
31744 3.75390625
31776 3.76147842407
31808 3.76905822754
31840 3.7766456604
31872 3.78424072266
31904 3.79184341431
31936 3.79945373535
31968 3.80707168579
32000 3.81469726562
